function [c d e] = F;
  c1 = [1 1 0 0 1 1 0];
  c2 = [1 0 0 1 1 0 0];
  c3 = [0 0 1 0 1 1 0];
  c4 = [0 1 1 1 1 0 0];
  c5 = [1 1 1 1 1 1 1];
  c6 = [0 0 0 1 1 1 1];
  c = [ c1;c2;c3;c4;c5;c6];
        
  d = [c(1,:);c(2,:); c(3,:)];
  e = [c(4,:);c(5,:); c(6,:)];
endfunction
